0.114741 -0.416081 -0.487179 0.445681 -0.945170 0.109361 -0.322955 -0.794286 0.190047 -0.394774 -0.342355 0.223846 0.598190 0.360603 -0.006045 -0.435067 -0.948181 -0.459769 0.196790 -0.127389 -0.706148 -0.816497 -0.472990 -0.664521 -0.232184
-0.399209 -0.250432 0.030244 -0.556050 0.204846 -0.785572 0.558691 0.788765 -0.272751 0.004372 0.843595 0.836609 0.681417 -0.950692 0.026656 -0.713357 -0.293046 -0.749498 0.884833 -0.932444 0.244457 -0.550234 -0.880624 0.784688 0.646556
-0.008013 -0.921460 0.830059 0.518997 -0.585981 -0.402125 -0.880212 0.163587 0.628119 -0.436262 -0.631567 0.842547 -0.877571 -0.842803 -0.430204 0.126802 -0.999208 -0.593595 -0.191781 -0.949899 0.433061 0.094862 -0.242946 0.683562 -0.020304
-0.175389 -0.071981 0.429462 -0.056014 -0.287293 0.076018 0.935973 -0.208753 -0.093923 0.454970 0.205266 0.503952 0.574758 -0.631147 0.132071 -0.861503 -0.262714 -0.025382 -0.739074 -0.105517 0.544414 0.387728 -0.104725 0.950819 -0.804053
-0.054624 0.383880 0.290809 0.702430 0.067442 -0.729495 -0.472959 0.995462 0.699967 0.471027 -0.291831 -0.224015 0.407000 0.499416 0.682062 -0.138030 -0.295318 0.186014 -0.563271 0.073535 -0.681914 -0.424775 0.810821 0.292704 -0.163849
-0.294696 -0.162882 -0.776121 0.600579 -0.212063 -0.580174 -0.454045 -0.828183 0.710636 -0.751615 0.239259 0.981141 -0.224574 0.234721 0.681108 -0.753547 0.942890 -0.542907 0.653453 0.442306 -0.860845 -0.484577 -0.853011 0.325170 -0.047849
0.220524 0.643255 0.527377 0.031345 -0.064041 -0.636472 0.736648 0.773077 -0.412592 0.337228 -0.438986 0.007234 0.883183 -0.267170 -0.282131 -0.868432 0.972089 -0.300990 -0.093007 0.206810 -0.619882 0.153446 0.149700 -0.162789 -0.193101
-0.407994 -0.023634 0.322322 -0.261006 -0.698464 -0.725527 0.959518 0.944792 0.801850 -0.009137 -0.119249 -0.834622 -0.272489 -0.346172 -0.247215 -0.935261 0.214842 0.760019 0.947922 0.947672 -0.522112 -0.920511 0.919762 0.176899 -0.013517
0.126572 0.557017 -0.860071 -0.723729 -0.605773 -0.053172 -0.131723 0.370594 -0.730851 0.607272 0.672130 -0.456378 0.566790 0.616922 -0.654528 -0.442347 -0.502327 -0.489150 0.285164 0.151501 0.263635 0.349903 -0.633657 0.023654 0.297824
-0.685984 0.501542 0.377313 -0.766223 -0.321559 -0.636204 0.360349 -0.764542 -0.496275 0.636620 -0.370315 0.450553 -0.495103 -0.999721 0.719702 -0.887831 0.672409 -0.736676 0.678959 0.289331 -0.391204 -0.763389 0.787004 0.119646 0.521775
-0.061494 -0.616719 -0.128322 0.304849 0.406935 -0.830498 0.618864 -0.091523 0.546815 0.852642 0.586918 0.910611 0.212991 0.822376 -0.585664 -0.150389 -0.547939 0.864889 0.354508 -0.547660 0.584591 0.466677 -0.875251 0.847915 0.145636
0.414080 -0.543289 0.382247 0.201084 0.576357 -0.095978 -0.860410 0.959638 0.775699 0.444439 0.366573 0.945201 0.063303 -0.724950 0.492016 -0.084055 0.861969 0.402627 -0.871064 0.684345 0.816964 -0.021453 -0.863594 0.681853 -0.666945
-0.411255 0.266444 0.799732 -0.286506 0.114359 -0.054632 -0.872425 0.571070 -0.672386 0.328659 0.147427 0.231636 0.468249 0.107066 0.007335 -0.087312 -0.526361 -0.047464 0.975991 -0.251311 -0.555448 -0.108064 -0.389342 0.847179 0.020872
-0.704998 0.664143 0.999419 -0.568592 0.345996 -0.667527 0.020153 -0.387561 -0.867795 0.733648 0.726798 0.077573 0.861222 0.297868 0.405187 0.189881 -0.554704 -0.363177 -0.341870 0.552361 0.644158 0.570818 -0.974000 -0.403306 0.546809
-0.225311 0.041246 -0.561255 0.385346 -0.111575 0.459617 0.680348 -0.447432 0.459035 -0.888244 0.898564 0.791509 0.131909 -0.488997 0.923714 -0.134443 -0.762198 0.001287 -0.273221 0.535670 -0.593526 0.916660 0.980966 0.043297 -0.425210
File '-' generated with 15 rows and 25 columns.
